0
0.406616288990827
1.47397953349739
3.38818880000662
6.44527250626567
10.8086994097839
16.5912938367491
23.7772109237024
33.7896018516088
46.2175694547903
60.2641353052574
73.3246744649557
82.3056194047844
85.8200826762786
84.6161358763269
80.3420468809691
74.5126707348219
68.1647009408285
61.8998892701375
56.0243555373153
50.6625447002521
45.8449777507768
41.5508648570273
37.7373424265948
34.3549437087669
31.3520125991397
28.6828959486184
26.3041659951456
24.178480891688
22.2761222401719
20.5640643343668
19.0223050487111
17.629320358913
16.3653829224185
15.2164917519663
14.1702156972974
13.2136049043193
12.3375538016479
11.5331538567285
10.7926980612902
10.109494512684
9.47887826714521
8.8943679773601
8.35249498161201
7.84865781286295
7.37972668878195
6.94247990806434
6.53441557906999
6.15293518460695
5.79544901115082
5.46051874085461
5.14626119181433
4.8510010669921
4.57324417321794
4.31165465248237
4.0654048298747
3.83317155503638
3.6141195591177
3.40732111179286
3.21194218889177
3.02736245101826
2.85287877715025
2.68797161899206
2.53193891827329
2.3844650040011
2.2449493443469
2.11312838757936
1.98840393775862
1.87064798491315
1.75941553780165
1.65438250837204
1.55531765934058
1.46193978121421
1.37410389194651
1.29144950666034
1.21386062231717
1.14112202108731
1.073036587256
1.00946260093369
0.950261640118222
0.895231794443224
0.844257101623071
0.797223605366075
0.753968038680509
0.714418692174848
0.678454222044475
0.645964705142038
0.616851337581991
0.591055983033843
0.568476961462763
0.549053873187359
0.532721177435993
0.519432432450312
0.509146005714397
0.501818416013896
0.497429666899893
0.497429666899893
