0
3.99715521610565e-07
2.31808314522465e-05
0.000269678181130522
0.00162098794916892
0.00663404399873714
0.0211053011280415
0.056001518132235
0.128422253558143
0.260945844093142
0.470181020927423
0.74857746864479
1.06147301672052
1.36731972091818
1.63906669946031
1.86694542006366
2.0519671098793
2.1997358768819
2.31669954713146
2.40870582642482
2.48072088708105
2.53662877153525
2.57951460023633
2.61178208931915
2.63529556937544
2.65153960223741
2.66166117845272
2.66659334911625
2.66707536738036
2.66370145783955
2.65696686257518
2.64727254388465
2.63495637944984
2.62028328453386
2.60349525852022
2.58480629762396
2.56436607619471
2.54233627627826
2.51884037741198
2.49398466226845
2.46786135507042
2.4406021807146
2.41222917156408
2.38285855045666
2.35252178252961
2.3212981079138
2.28923535339526
2.25640547009027
2.22284944698956
2.18857684167556
2.15368071184708
2.11819554117393
2.08215438541156
2.04558931646377
2.00853181945891
1.97107093005649
1.93320873020226
1.89500532934669
1.8564922949525
1.8177019266351
1.77869593447714
1.73950836288416
1.70020271044159
1.66078762214354
1.62135727972558
1.58192396344548
1.54258438761258
1.50332849228207
1.4642833389585
1.42547069013766
1.3869424461427
1.34877900155528
1.31103784716081
1.27382848523324
1.23716564665504
1.20116462395525
1.16589542942156
1.13143233578601
1.0978750814985
1.06532497256421
1.03384558490611
1.00354528155319
0.974533175846037
0.946884929591166
0.920730754567017
0.896166083990135
0.873288171221921
0.852195249956853
0.833007854325356
0.815805284582497
0.800685988516394
0.787731129697849
0.77702120257472
0.768622813339788
0.76258094386738
0.758938063721009
0.758938063721009
