0
2.66477014407044e-07
1.5453887634831e-05
0.000179785454087015
0.00108065863277928
0.00442269599915809
0.0140702007520277
0.03733434542149
0.0856148357054287
0.173963896062095
0.313454013951615
0.499051645763194
0.70764867781368
0.911546480612119
1.09271113297354
1.24463028004244
1.36797807325287
1.46649058458793
1.54446636475431
1.60580388428321
1.6538139247207
1.69108584769016
1.71967640015755
1.7411880595461
1.75686371291696
1.76769306815827
1.77444078563515
1.77772889941084
1.77805024492024
1.77580097189303
1.77131124171679
1.76484836258976
1.75663758629989
1.74685552302257
1.73566350568015
1.72320419841597
1.70957738412981
1.69489085085217
1.67922691827466
1.6626564415123
1.64524090338028
1.6270681204764
1.60815278104272
1.58857236697111
1.56834785501974
1.54753207194253
1.52615690226351
1.50427031339351
1.48189963132638
1.4590512277837
1.43578714123139
1.41213036078262
1.3881029236077
1.36372621097585
1.3390212129726
1.31404728670433
1.28880582013484
1.26333688623113
1.23766152996833
1.2118012844234
1.18579728965143
1.15967224192277
1.13346847362773
1.10719174809569
1.08090485315038
1.05461597563032
1.02838959174172
1.00221899485471
0.976188892638997
0.950313793425108
0.924628297428468
0.899186001036854
0.874025231440542
0.849218990155493
0.824777097770029
0.800776415970164
0.777263619614372
0.754288223857341
0.731916720999
0.71021664837614
0.689230389937405
0.66903018770213
0.649688783897358
0.631256619727444
0.613820503044678
0.597444055993423
0.582192114147947
0.568130166637902
0.555338569550237
0.543870189721665
0.53379065901093
0.525154086465233
0.518014135049814
0.512415208893192
0.508387295911587
0.505958709147339
0.505958709147339
