0
0.0528585757611224
0.211369381974578
0.475349345521669
0.844572239583888
1.31855032794401
1.89655448507074
2.57669972211041
3.35339555295111
4.21123533634274
5.118681803174
6.02723545409514
6.89105735724907
7.68177860949155
8.39189005351377
9.02585694138389
9.59271232880813
10.1024037684546
10.5637447147014
10.9840274102125
11.3695900181587
11.7253148541414
12.0553341422193
12.3630337825591
12.651117525194
12.9220107383612
13.177505300081
13.4193406741753
13.6489172791194
13.8670903427285
14.0754913140468
14.2744920532599
14.4649431441173
14.6477933664646
14.8234440726261
14.9922738027412
15.154988459792
15.3118586758298
15.463299114199
15.6096774218942
15.7513207733412
15.8882564753288
16.0210377625307
16.1496575156659
16.2744730175746
16.3955780260908
16.5131698056548
16.627327132177
16.7382232922951
16.8461047796528
16.9509278657665
17.0528313215028
17.151940319026
17.2483678045589
17.3422156793043
17.4334354688954
17.5221940024436
17.608508051555
17.6924583663969
17.7741173273684
17.8534921040156
17.9306468760409
18.0055854910849
18.0784155046504
18.1490824687267
18.2176829485695
18.2841636574042
18.348654261356
18.4110552629762
18.4714428348016
18.5298422067925
18.5862363285339
18.6406445100414
18.6930131795523
18.7434246644153
18.7918208328334
18.8382087823817
18.8825902781082
18.9249354128876
18.9652147580889
19.0034463747615
19.0395931837613
19.0736186614068
19.1055254953675
19.1352523322002
19.1627775128038
19.1880752144663
19.2111159024141
19.2318427514796
19.2502399893876
19.2662660928359
19.2798923160721
19.2910839597103
19.2998134549384
19.3060674407921
19.3098261452037
19.3098261452037
