0
1.39609622408715e-11
1.29474077472538e-08
7.61811775800673e-07
1.4454971527063e-05
0.000144158508845519
0.000947816879940752
0.00462428921920415
0.0168122234221193
0.0487459113569163
0.112465922896774
0.208100079225026
0.319312672225964
0.425964773016322
0.516844487510439
0.589684671261858
0.646478310756771
0.690385003243805
0.724264838621283
0.75032732894472
0.770412821959679
0.785755553028294
0.797354471623665
0.805957719621331
0.812077453480916
0.816209362820835
0.818606263064395
0.819578011638758
0.819371453032942
0.817950902119199
0.815760647916556
0.812655591384545
0.808779278596672
0.804301719724034
0.799212704286621
0.793514737036966
0.787360406833435
0.780707394743507
0.773614941429433
0.766109015356353
0.758252245967597
0.749957937369743
0.741386215717201
0.732434816684493
0.723198855651951
0.713646189863308
0.703818775062661
0.693704302928359
0.683313276115967
0.672695508103988
0.661809748318454
0.650688498811605
0.63933677474965
0.627759051411246
0.615979125114442
0.603969224409893
0.591773068465169
0.579374348251797
0.566785546712201
0.554017263797875
0.541064828187634
0.527946444056483
0.514651132819253
0.501207802637925
0.48759446300652
0.473844683265253
0.459932755560133
0.445898855331075
0.431716376379788
0.41740842216686
0.402975603902965
0.388417199397149
0.373751069030971
0.358965047937252
0.344083913461095
0.329096016457505
0.314013070731748
0.298840995764157
0.283585356565237
0.268247142542634
0.252837129075212
0.23735612221121
0.221805266537821
0.206199579182395
0.190535575508063
0.174823609877038
0.159064405429473
0.143268140259621
0.127431106021152
0.111567761967581
0.0956737998544721
0.0797588817591425
0.0638278419885554
0.0478803574084402
0.031925524945003
0.0119714945727349
0
